8.100837280915154093e-01
-3.008437540448608005e-01
-2.581059137375055906e-02
-3.191818818147062475e-01
-5.556678835129188476e-01
1.826805216977100271e-02
-1.710413236653750280e-01
-2.622965573804727502e-01
-1.167994904200334444e-01
1.220146484811055032e+00
4.126083696258561195e-01
3.033735670786845140e-01
1.465188608867127318e-01
-4.381517920291611717e-02
4.483444882509690643e-02
-7.879699431016607969e-01
-3.760896734999450985e-01
2.699457600182597616e-01
-1.460704155002536531e-01
2.242392990674165754e-01
1.058043630772683041e+00
-1.113289195900870332e-01
-2.878098631959689624e-01
5.122989544647124083e-01
-3.817623625271759913e-01
-1.028737035869457195e+00
-5.312793618127367168e-01
-2.247249565845960487e-02
-4.059901777914735610e-01
-5.379663834934199362e-02
6.648380688835995311e-01
8.463471232610764172e-01
-1.720122228766519379e-01
-3.204491865214478818e-02
9.652430336149715739e-03
-6.689455515947460018e-01
-2.761314046879439488e-01
4.797477790681525245e-01
-3.361451340256969011e-01
-8.549563954375275499e-01
-6.302467998939482730e-01
3.666100578022760126e-01
7.658410390314641658e-01
7.089070475306039620e-01
-8.424166279629730081e-01
3.989180636551962200e-01
2.240494554170577995e-02
-5.347825188174787359e-01
5.596656664924393176e-01
6.852311860851161285e-01
2.772828169257720021e-01
4.137821383172717304e-01
1.848162100071423231e-01
8.136302512652849872e-01
-1.216896666211007144e-01
1.470780790916569047e-01
-5.065689161756737890e-01
-1.139282502058263979e+00
5.155689761534467674e-01
5.595310299398986720e-01
1.802561068044395975e-01
4.585970358601835772e-01
8.575530226490520047e-02
5.204059845903885595e-01
-6.470741793491520122e-01
-8.284013761913289198e-01
1.989144288152585871e-01
-1.592927002551923321e+00
-1.992362035436533452e-01
-5.979439284968420809e-01
-1.371588661757132399e-01
8.487785002819417945e-01
-1.459180620242579440e-01
1.654283290976532317e-01
-3.642994365181466410e-02
4.024637934094817404e-01
-4.736653069470361244e-01
6.023906306183483828e-03
-4.421136189993188359e-01
-4.368104613352654653e-01
5.727933525040580509e-01
6.530267037186938683e-01
2.810453291130153297e-01
-1.434626502669637815e-01
-1.004638288820236362e-02
3.113923062283305843e-01
-5.214285889534509000e-01
1.881678798945857767e-01
-5.952482704413208925e-01
2.701354727290690705e-01
-3.764309991720422577e-01
-3.804090160812445554e-01
1.156025886818991960e-01
3.788323511909232333e-01
-7.769106471575037975e-02
1.506545821717401867e-01
-6.473336204354577239e-01
6.096852764418876358e-01
2.144892275716896723e-01
-5.993154963504376820e-01
