-4.108520643184181975e-01
-2.937239238906008132e-01
-5.786600306518572268e-01
-1.244855842061929341e+00
1.717923546323957273e+00
-8.518783972293367812e-01
-9.446349980001692570e-01
-1.438023070714747886e-01
-1.186601453862720090e+00
-8.581684177303352534e-01
-8.269902296845124123e-01
-8.141696766637204208e-01
-1.194537472927351907e+00
-6.083770416465682507e-01
-9.562834246080184064e-01
-3.589390884281120075e-01
-1.100624533086197454e+00
-1.238774406848613507e+00
-9.231171608892749236e-02
-1.268323346741400126e+00
-8.715477846164982889e-01
-1.442364697629069825e+00
5.269089476384167803e-01
8.075637532914875516e-01
-1.581043333456715050e-02
1.487146998370207918e+00
1.170902906940333388e+00
7.208919086605667381e-01
-1.181652877476313951e-01
9.814423846696255227e-01
3.677622607980978731e-01
1.109187200642378190e+00
-5.663077447395578057e-01
5.816342529100579917e-01
4.574516187357129393e-01
-4.447319375648534079e-01
5.080615305748035215e-01
-6.413366781176240705e-01
1.362576313088800006e+00
-3.329596921194342696e-01
-5.839561597419475891e-01
-1.656108442836692896e-02
-6.855393972711622264e-02
1.458167899058761263e-01
-8.918540655064991496e-01
-6.138043408351226971e-01
-6.510479462806374462e-01
-1.852058299292473897e+00
-1.928330048407508546e+00
9.330417071894862024e-01
-7.339742638747803749e-01
-2.735329537490338137e+00
-9.936522724043014287e-01
-2.146388005198518467e+00
-1.964127274568374881e+00
-1.146087161660893416e+00
-1.325410861564306986e+00
-2.704644687795326075e+00
-2.288107275882635516e+00
-2.143337103056084381e+00
-1.719547108742442099e+00
-1.436133509731513103e+00
-2.410505137418760491e+00
-1.335833142096449322e+00
-2.563550664796074408e+00
-3.168224216203964438e+00
-2.906194967973170229e+00
-3.120068430848662366e+00
-2.987605274491230478e+00
-3.005275041449881446e+00
-3.350355220382017940e+00
-3.162169545602864673e+00
-3.089664665190972492e+00
-3.283226009244986532e+00
-3.351620362492630623e+00
-2.488842173322511897e+00
-3.415568235498279481e+00
-3.178240008792128979e+00
-3.263058572398989110e+00
-3.437775040705485008e+00
-3.285093416054921001e+00
-3.095656043236827415e+00
-3.136986720808123241e+00
